000000000001
00000000001
0000000001
000000001
00000001
00000001
00000001
0000000168
00000001
000000016
000000015
0000000168
00000001
000000016
00000001   2k
00000001
00000001
00000001
00000001
00000001l
00000001
00000001
00000001
00000001   2k
00000001
00000001
00000001
00000001l
00 00001
00900001
00 00001
00 00001   2k7
00300001
01 
014  
01
01    
01    
01
01
01
01
01
01
01
01
01
00017
0000017
00000001
00000001
000000013
00000001
000000013
00000001
00000001
000000014
00000001
0000000143
00000001
000000014
00000001
00000001
000000001
00000001
000000016
000000018
0000000168
000000018
0000000 1
       9

2222217



2222217



2222217



2222217



2222217


00000001
00000 01
000019
000015    
00001   c      d
00001   a d 1
00001   1   1
00001        
00001a    b   
0000001   1    b
0000001   1   1      
              1
              1
00000000000001
00000000000001


         1

000001
000001
0000016   1m
000001
000001
0000016
000001
000001
0000016
000001
000001
000001
000001
000001
000001
0000016
0000013
00000167
000001n
000001437
0000016
000001
.