00000012222222222
00000012222222220
00000012222222200
00000012222222000
00000012222220000
00000012222200000
0000001222200000
000000122200000
00000122200000
0000013
0000017    i
0    g
06
0
0  27
06
0
06
0g
0000017  i
000001
0000001
0000001
0000001
0000001f



22222m



000001f
000001
000001
0000001
0000001
0000001
0000001
0000001
0000001
0000001
0000001
0000001
0000001
0000001
0 00001    9
19    c  d
1a   
1c d 
1
1a   ba    b
000 001
000 001
000a     b
0000001
0000001
00000001
0000001  1
0000001  1k
0000001k 1
0000001  1
0000001  1k
0000001  1
0000001k 1
0000001  1k
0000001
000000001
000000001
000000001
00000000122222222
00000000122 2 222
00000000122929222
0    h     
0        1
0      c     b
0
0        1             
0      a     d
0
0        1
0      c     b
0            
0        1
0      a     d
0             
0        1
0            b
0
0
0
0h      a  b
0000001
0000001
0000001
0001
0001
   h







          i






h
00001
00001
0001f    i

           i



           1
           18
           1
           18
       i



0001f
0001
0001
0001n
0001222000
0000000000
0000000000
.